  cell  1/39 done (0.1 min)
  cell  2/39 done (0.2 min)
  cell  3/39 done (0.3 min)
  cell  4/39 done (0.5 min)
  cell  5/39 done (0.6 min)
  cell  6/39 done (0.7 min)
  cell  7/39 done (0.8 min)
  cell  8/39 done (0.9 min)
  cell  9/39 done (1.0 min)
  cell 10/39 done (1.2 min)
  cell 11/39 done (1.3 min)
  cell 12/39 done (1.4 min)
  cell 13/39 done (1.5 min)
  cell 14/39 done (1.6 min)
  cell 15/39 done (1.7 min)
  cell 16/39 done (1.9 min)
  cell 17/39 done (2.0 min)
  cell 18/39 done (2.1 min)
  cell 19/39 done (2.2 min)
  cell 20/39 done (2.3 min)
  cell 21/39 done (2.4 min)
  cell 22/39 done (2.8 min)
  cell 23/39 done (3.1 min)
  cell 24/39 done (3.5 min)
  cell 25/39 done (3.8 min)
  cell 26/39 done (4.0 min)
  cell 27/39 done (4.4 min)
  cell 28/39 done (4.6 min)
  cell 29/39 done (4.9 min)
  cell 30/39 done (5.2 min)
  cell 31/39 done (5.3 min)
  cell 32/39 done (5.4 min)
  cell 33/39 done (5.6 min)
  cell 34/39 done (5.7 min)
  cell 35/39 done (5.9 min)
  cell 36/39 done (6.0 min)
  cell 37/39 done (6.2 min)
  cell 38/39 done (6.3 min)
  cell 39/39 done (6.4 min)
                     check gain sigma_delta dcomp sigma_slope n_ok  power
     A_topic_heterogeneity 0.00         0.0   0.0         0.2  400 0.0600
     A_topic_heterogeneity 0.02         0.0   0.0         0.2  400 0.7250
     A_topic_heterogeneity 0.04         0.0   0.0         0.2  400 0.9975
     A_topic_heterogeneity 0.00         0.1   0.0         0.2  400 0.1600
     A_topic_heterogeneity 0.02         0.1   0.0         0.2  400 0.6950
     A_topic_heterogeneity 0.04         0.1   0.0         0.2  400 0.9950
     A_topic_heterogeneity 0.00         0.2   0.0         0.2  400 0.3575
     A_topic_heterogeneity 0.02         0.2   0.0         0.2  400 0.6450
     A_topic_heterogeneity 0.04         0.2   0.0         0.2  400 0.9600
 B_differential_completion 0.00         0.0   0.0         0.2  400 0.0575
 B_differential_completion 0.04         0.0   0.0         0.2  400 0.9975
 B_differential_completion 0.00         0.0   0.3         0.2  400 0.0625
 B_differential_completion 0.04         0.0   0.3         0.2  400 0.9975
 B_differential_completion 0.00         0.0   0.6         0.2  400 0.0600
 B_differential_completion 0.04         0.0   0.6         0.2  400 1.0000
   C_student_heterogeneity 0.00         0.0   0.0         0.0  400 0.0550
   C_student_heterogeneity 0.02         0.0   0.0         0.0  400 0.7700
   C_student_heterogeneity 0.00         0.0   0.0         0.2  400 0.0500
   C_student_heterogeneity 0.02         0.0   0.0         0.2  400 0.7825
   C_student_heterogeneity 0.00         0.0   0.0         0.4  400 0.0450
   C_student_heterogeneity 0.02         0.0   0.0         0.4  400 0.5625
       D_topic_slope_model 0.00         0.0   0.0         0.2  400 0.0450
       D_topic_slope_model 0.02         0.0   0.0         0.2  400 0.6500
       D_topic_slope_model 0.04         0.0   0.0         0.2  400 1.0000
       D_topic_slope_model 0.00         0.1   0.0         0.2  400 0.0800
       D_topic_slope_model 0.02         0.1   0.0         0.2  400 0.3800
       D_topic_slope_model 0.04         0.1   0.0         0.2  400 0.9550
       D_topic_slope_model 0.00         0.2   0.0         0.2  400 0.0475
       D_topic_slope_model 0.02         0.2   0.0         0.2  400 0.1950
       D_topic_slope_model 0.04         0.2   0.0         0.2  400 0.6325
      E_random_topic_model 0.00         0.0   0.0         0.2  400 0.0425
      E_random_topic_model 0.02         0.0   0.0         0.2  400 0.7125
      E_random_topic_model 0.04         0.0   0.0         0.2  400 0.9975
      E_random_topic_model 0.00         0.1   0.0         0.2  400 0.1425
      E_random_topic_model 0.02         0.1   0.0         0.2  400 0.6825
      E_random_topic_model 0.04         0.1   0.0         0.2  400 0.9950
      E_random_topic_model 0.00         0.2   0.0         0.2  400 0.3000
      E_random_topic_model 0.02         0.2   0.0         0.2  400 0.6475
      E_random_topic_model 0.04         0.2   0.0         0.2  400 0.9525
 mean_est_pp  bias_pp used_full used_uncorr used_intonly mean_sd_slope
     -0.0635 -0.06349     0.877      0.0775       0.0450        0.0441
      1.8871 -0.11293     0.825      0.1125       0.0625        0.0445
      3.9167 -0.08330     0.873      0.0475       0.0800        0.0425
     -0.1402 -0.14016     0.853      0.0925       0.0550        0.0452
      1.9891 -0.01087     0.850      0.0525       0.0975        0.0454
      3.9728 -0.02715     0.848      0.0450       0.1075        0.0441
     -0.1176 -0.11756     0.810      0.1075       0.0825        0.0427
      1.9872 -0.01284     0.833      0.0700       0.0975        0.0414
      3.9462 -0.05379     0.818      0.0550       0.1275        0.0431
     -0.0795 -0.07949     0.870      0.0625       0.0675        0.0454
      3.9222 -0.07783     0.833      0.0625       0.1050        0.0423
     -0.1584 -0.15842     0.858      0.0775       0.0650        0.0438
      3.8613 -0.13871     0.880      0.0250       0.0950        0.0432
     -0.2012 -0.20124     0.873      0.0850       0.0425        0.0439
      3.8557 -0.14431     0.885      0.0475       0.0675        0.0449
      0.0328  0.03282     0.477      0.1150       0.4075        0.0301
      1.9850 -0.01502     0.448      0.0875       0.4650        0.0325
     -0.0764 -0.07639     0.873      0.0750       0.0525        0.0450
      1.9979 -0.00207     0.843      0.0700       0.0875        0.0451
     -0.2138 -0.21379     0.993      0.0075       0.0000        0.0830
      1.7752 -0.22482     0.995      0.0050       0.0000        0.0824
     -0.0624 -0.06239     0.312      0.1200       0.5675        0.0146
      1.9606 -0.03936     0.297      0.0925       0.6100        0.0154
      3.9103 -0.08972     0.285      0.1100       0.6050        0.0158
     -0.0418 -0.04180     0.618      0.1400       0.2425        0.0225
      1.8621 -0.13793     0.677      0.1050       0.2175        0.0227
      4.0024  0.00245     0.647      0.0850       0.2675        0.0221
     -0.0191 -0.01909     0.820      0.0975       0.0825        0.0407
      1.8583 -0.14170     0.762      0.1150       0.1225        0.0402
      3.9012 -0.09879     0.802      0.0750       0.1225        0.0386
     -0.1076 -0.10761     0.863      0.0700       0.0675        0.0450
      1.8682 -0.13183     0.858      0.0875       0.0550        0.0424
      4.0195  0.01947     0.800      0.0575       0.1425        0.0452
     -0.0445 -0.04453     0.815      0.1150       0.0700        0.0437
      1.9412 -0.05881     0.830      0.0775       0.0925        0.0442
      3.9618 -0.03819     0.838      0.0650       0.0975        0.0445
     -0.0152 -0.01517     0.815      0.1100       0.0750        0.0426
      1.9741 -0.02589     0.792      0.0825       0.1250        0.0438
      3.9108 -0.08918     0.815      0.0750       0.1100        0.0412
 completion_access completion_control
             0.599              0.601
             0.600              0.599
             0.599              0.601
             0.600              0.600
             0.600              0.600
             0.600              0.601
             0.599              0.600
             0.600              0.599
             0.601              0.600
             0.599              0.600
             0.600              0.600
             0.669              0.601
             0.667              0.600
             0.729              0.600
             0.731              0.599
             0.600              0.601
             0.600              0.599
             0.600              0.600
             0.600              0.601
             0.599              0.599
             0.600              0.600
             0.600              0.599
             0.599              0.600
             0.601              0.601
             0.600              0.600
             0.600              0.599
             0.599              0.600
             0.600              0.600
             0.601              0.600
             0.599              0.599
             0.599              0.600
             0.599              0.602
             0.600              0.600
             0.600              0.599
             0.600              0.599
             0.600              0.601
             0.600              0.600
             0.600              0.600
             0.601              0.600
ALLDONE
